0.0 0.0 0.0 0.0 0.0 0.0 0.0 0.0 0.0 0.0 0.0 0.0 0.0 0.0 0.0 0.0 0.0 0.0 0.0 0.0 
10.0 40.0 0.0 0.0 0.0 0.0 0.0 0.0 0.0 0.0 0.0 0.0 0.0 0.0 0.0 0.0 0.0 0.0 0.0 0.0 
7.0 -44.0 0.0 0.0 0.0 0.0 0.0 0.0 0.0 0.0 0.0 0.0 0.0 0.0 0.0 0.0 0.0 0.0 0.0 0.0 
7.0 -44.0 -93.0 35.0 0.0 0.0 0.0 0.0 0.0 0.0 0.0 0.0 0.0 0.0 0.0 0.0 0.0 0.0 0.0 0.0 
7.0 -44.0 67.0 100.0 0.0 0.0 0.0 0.0 0.0 0.0 0.0 0.0 0.0 0.0 0.0 0.0 0.0 0.0 0.0 0.0 
7.0 -44.0 -29.0 -60.0 0.0 0.0 0.0 0.0 0.0 0.0 0.0 0.0 0.0 0.0 0.0 0.0 0.0 0.0 0.0 0.0 
7.0 -44.0 -29.0 -60.0 -16.0 30.0 1.0 -48.0 0.0 0.0 0.0 0.0 0.0 0.0 0.0 0.0 0.0 0.0 0.0 0.0 
7.0 -44.0 -29.0 -60.0 -16.0 30.0 1.0 -48.0 -77.0 -26.0 0.0 0.0 0.0 0.0 0.0 0.0 0.0 0.0 0.0 0.0 
7.0 -44.0 -29.0 -60.0 -16.0 30.0 1.0 -48.0 -77.0 -26.0 50.0 -7.0 0.0 0.0 0.0 0.0 0.0 0.0 0.0 0.0 
7.0 -44.0 -29.0 -60.0 -16.0 30.0 1.0 -48.0 -77.0 -26.0 -24.0 -53.0 0.0 0.0 0.0 0.0 0.0 0.0 0.0 0.0 
7.0 -44.0 -29.0 -60.0 -16.0 30.0 1.0 -48.0 -77.0 -26.0 -9.0 88.0 0.0 0.0 0.0 0.0 0.0 0.0 0.0 0.0 
