0.0 0.0 0.0 0.0 0.0 0.0 0.0 0.0 0.0 0.0 0.0 0.0 0.0 0.0 0.0 0.0 0.0 0.0 0.0 0.0 
0.0 0.0 51.0 -21.0 0.0 0.0 0.0 0.0 0.0 0.0 0.0 0.0 0.0 0.0 0.0 0.0 0.0 0.0 0.0 0.0 
0.0 0.0 51.0 -21.0 -30.0 -24.0 0.0 0.0 0.0 0.0 0.0 0.0 0.0 0.0 0.0 0.0 0.0 0.0 0.0 0.0 
0.0 0.0 51.0 -21.0 -30.0 -24.0 -69.0 18.0 0.0 0.0 0.0 0.0 0.0 0.0 0.0 0.0 0.0 0.0 0.0 0.0 
0.0 0.0 51.0 -21.0 -30.0 -24.0 -69.0 18.0 56.0 68.0 0.0 0.0 0.0 0.0 0.0 0.0 0.0 0.0 0.0 0.0 
0.0 0.0 51.0 -21.0 -30.0 -24.0 -69.0 18.0 56.0 68.0 -41.0 -36.0 0.0 0.0 0.0 0.0 0.0 0.0 0.0 0.0 
0.0 0.0 51.0 -21.0 -30.0 -24.0 -69.0 18.0 56.0 68.0 -25.0 -103.0 0.0 0.0 0.0 0.0 0.0 0.0 0.0 0.0 
0.0 0.0 51.0 -21.0 -30.0 -24.0 -69.0 18.0 56.0 68.0 -25.0 -103.0 -76.0 44.0 0.0 0.0 0.0 0.0 0.0 0.0 
0.0 0.0 51.0 -21.0 -30.0 -24.0 -69.0 18.0 56.0 68.0 -25.0 -103.0 -76.0 44.0 40.0 -8.0 0.0 0.0 0.0 0.0 
0.0 0.0 51.0 -21.0 -30.0 -24.0 -69.0 18.0 56.0 68.0 -25.0 -103.0 -76.0 44.0 47.0 -13.0 46.0 -2.0 0.0 0.0 
0.0 0.0 51.0 -21.0 -30.0 -24.0 -69.0 18.0 56.0 68.0 -25.0 -103.0 -76.0 44.0 47.0 -13.0 46.0 -2.0 -69.0 1.0 
-10.0 49.0 51.0 -21.0 -30.0 -24.0 -69.0 18.0 56.0 68.0 -25.0 -103.0 -76.0 44.0 47.0 -13.0 46.0 -2.0 -69.0 1.0 
2.0 -45.0 51.0 -21.0 -30.0 -24.0 -69.0 18.0 56.0 68.0 -25.0 -103.0 -76.0 44.0 47.0 -13.0 46.0 -2.0 -69.0 1.0 
-57.0 -83.0 51.0 -21.0 -30.0 -24.0 -69.0 18.0 56.0 68.0 -25.0 -103.0 -76.0 44.0 47.0 -13.0 46.0 -2.0 -69.0 1.0 
16.0 -175.0 51.0 -21.0 -30.0 -24.0 -69.0 18.0 56.0 68.0 -25.0 -103.0 -76.0 44.0 47.0 -13.0 46.0 -2.0 -69.0 1.0 
363.0 87.0 51.0 -21.0 -30.0 -24.0 -69.0 18.0 56.0 68.0 -25.0 -103.0 -76.0 44.0 47.0 -13.0 46.0 -2.0 -69.0 1.0 
