0.0 0.0 0.0 0.0 0.0 0.0 0.0 0.0 0.0 0.0 0.0 0.0 0.0 0.0 0.0 0.0 0.0 0.0 0.0 0.0 
0.0 0.0 -183.0 29.0 0.0 0.0 0.0 0.0 0.0 0.0 0.0 0.0 0.0 0.0 0.0 0.0 0.0 0.0 0.0 0.0 
0.0 0.0 -183.0 29.0 0.0 0.0 -181.0 -3.0 0.0 0.0 0.0 0.0 0.0 0.0 0.0 0.0 0.0 0.0 0.0 0.0 
0.0 0.0 -200.0 106.0 47.0 -36.0 -239.0 -83.0 71.0 24.0 0.0 0.0 0.0 0.0 0.0 0.0 0.0 0.0 0.0 0.0 
0.0 0.0 -203.0 21.0 47.0 -36.0 -223.0 -17.0 71.0 24.0 0.0 0.0 0.0 0.0 0.0 0.0 0.0 0.0 0.0 0.0 
0.0 0.0 -210.0 98.0 47.0 -36.0 -228.0 -82.0 71.0 24.0 0.0 0.0 0.0 0.0 0.0 0.0 0.0 0.0 0.0 0.0 
0.0 0.0 -33.0 58.0 47.0 -36.0 -20.0 -41.0 71.0 24.0 19.0 -7.0 -87.0 16.0 63.0 -4.0 0.0 0.0 0.0 0.0 
0.0 0.0 -33.0 58.0 47.0 -36.0 -20.0 -41.0 71.0 24.0 -18.0 6.0 -39.0 12.0 36.0 -20.0 -90.0 9.0 73.0 -30.0 
0.0 0.0 -33.0 58.0 47.0 -36.0 -20.0 -41.0 71.0 24.0 17.0 4.0 -39.0 12.0 36.0 -20.0 -90.0 9.0 30.0 -10.0 
0.0 0.0 -121.0 15.0 47.0 -36.0 -108.0 -84.0 71.0 24.0 -19.0 10.0 -3.0 5.0 42.0 1.0 -9.0 -7.0 30.0 -10.0 
0.0 0.0 -112.0 65.0 65.0 -92.0 -122.0 40.0 57.0 34.0 17.0 -44.0 -65.0 43.0 21.0 -20.0 -9.0 -7.0 30.0 -10.0 
28.0 -243.0 -102.0 100.0 -24.0 -195.0 16.0 -46.0 57.0 34.0 16.0 -84.0 -26.0 4.0 24.0 -46.0 -46.0 50.0 15.0 -14.0 
36.0 -362.0 -63.0 -28.0 -35.0 -369.0 8.0 51.0 3.0 33.0 -13.0 -18.0 -94.0 -2.0 30.0 -2.0 -41.0 20.0 -5.0 -17.0 
-46.0 -374.0 -14.0 42.0 -35.0 -369.0 -38.0 -18.0 3.0 33.0 -26.0 -32.0 -94.0 -2.0 30.0 -2.0 1.0 11.0 74.0 -38.0 
-128.0 -367.0 -90.0 24.0 29.0 -369.0 -110.0 -62.0 3.0 33.0 -28.0 -36.0 -137.0 -6.0 56.0 -13.0 1.0 11.0 74.0 -38.0 
-338.0 -363.0 -36.0 59.0 29.0 -369.0 -37.0 -55.0 49.0 15.0 -14.0 7.0 -48.0 0.0 18.0 -14.0 -57.0 13.0 29.0 -44.0 
-338.0 -363.0 -36.0 -2.0 29.0 -369.0 -37.0 -55.0 49.0 15.0 14.0 -11.0 -48.0 0.0 18.0 -14.0 -57.0 13.0 29.0 -44.0 
-338.0 -363.0 -36.0 -2.0 29.0 -369.0 -90.0 -1.0 49.0 15.0 -23.0 -9.0 -48.0 0.0 18.0 -14.0 -57.0 13.0 29.0 -44.0 
-338.0 -363.0 -36.0 -2.0 29.0 -369.0 -75.0 21.0 73.0 67.0 18.0 -3.0 -48.0 0.0 18.0 -14.0 -57.0 13.0 29.0 -44.0 
-338.0 -363.0 -36.0 -2.0 28.0 -439.0 -75.0 21.0 73.0 67.0 18.0 -3.0 -48.0 0.0 18.0 -14.0 -57.0 13.0 29.0 -44.0 
-338.0 -363.0 -138.0 21.0 28.0 -439.0 -34.0 5.0 73.0 67.0 18.0 -3.0 -48.0 0.0 18.0 -14.0 -57.0 13.0 29.0 -44.0 
-338.0 -363.0 -25.0 26.0 28.0 -439.0 -185.0 4.0 73.0 67.0 -8.0 7.0 -67.0 78.0 18.0 -14.0 -57.0 13.0 29.0 -44.0 
-338.0 -363.0 -25.0 26.0 -41.0 -374.0 -185.0 4.0 112.0 19.0 -12.0 19.0 -54.0 26.0 7.0 -28.0 -43.0 54.0 28.0 -18.0 
-338.0 -363.0 -25.0 26.0 -41.0 -374.0 -185.0 4.0 112.0 19.0 -12.0 19.0 -54.0 26.0 7.0 -28.0 -43.0 54.0 -33.0 -22.0 
-338.0 -363.0 25.0 -53.0 -41.0 -374.0 -52.0 -22.0 28.0 34.0 13.0 -50.0 -54.0 26.0 7.0 -28.0 -43.0 54.0 32.0 -39.0 
-338.0 -363.0 -50.0 -98.0 -41.0 -374.0 -28.0 -49.0 28.0 34.0 -9.0 10.0 -35.0 32.0 4.0 -34.0 -12.0 24.0 1.0 -27.0 
-338.0 -363.0 39.0 -46.0 -1.0 -339.0 -81.0 -45.0 61.0 10.0 -9.0 10.0 -35.0 32.0 4.0 -34.0 -12.0 24.0 1.0 -27.0 
-340.0 -346.0 -114.0 -88.0 -1.0 -339.0 -81.0 -45.0 61.0 10.0 10.0 -46.0 -26.0 19.0 4.0 -34.0 -92.0 23.0 1.0 -27.0 
-335.0 -387.0 7.0 -35.0 -1.0 -339.0 -211.0 -38.0 43.0 -14.0 -11.0 42.0 -95.0 16.0 9.0 -38.0 -18.0 13.0 1.0 -27.0 
-339.0 -318.0 -111.0 -66.0 -1.0 -339.0 -72.0 36.0 43.0 -14.0 -11.0 42.0 -20.0 34.0 9.0 -38.0 -103.0 -7.0 1.0 -27.0 
-336.0 -270.0 -131.0 -80.0 -1.0 -339.0 -234.0 -60.0 43.0 -14.0 -1.0 -39.0 -20.0 55.0 9.0 -38.0 -107.0 -12.0 72.0 -26.0 
-368.0 -202.0 -131.0 -80.0 -1.0 -339.0 -234.0 -60.0 43.0 -14.0 -1.0 -67.0 -20.0 55.0 9.0 -38.0 -107.0 -12.0 72.0 -26.0 
-363.0 -84.0 -51.0 -13.0 -1.0 -339.0 -234.0 -60.0 43.0 -14.0 11.0 35.0 -20.0 55.0 9.0 -38.0 -107.0 -12.0 72.0 -26.0 
-314.0 -4.0 -51.0 -13.0 -13.0 -338.0 -51.0 -40.0 38.0 -14.0 -11.0 -6.0 -12.0 58.0 -2.0 -45.0 -13.0 -2.0 5.0 -8.0 
-330.0 39.0 -1.0 12.0 -13.0 -338.0 -51.0 -40.0 38.0 -14.0 -25.0 -50.0 -12.0 58.0 -2.0 -45.0 -13.0 -2.0 5.0 -8.0 
-330.0 39.0 44.0 -55.0 -13.0 -338.0 -137.0 -23.0 38.0 -14.0 -25.0 -50.0 11.0 62.0 -1.0 -1.0 -64.0 -2.0 5.0 -8.0 
-330.0 39.0 44.0 -55.0 -13.0 -338.0 -137.0 -23.0 38.0 -14.0 3.0 -11.0 11.0 62.0 -1.0 -1.0 -64.0 -2.0 5.0 -8.0 
-330.0 39.0 44.0 -55.0 -13.0 -338.0 -137.0 -23.0 38.0 -14.0 -42.0 -4.0 11.0 62.0 -1.0 -1.0 -64.0 -2.0 5.0 -8.0 
-330.0 39.0 44.0 -55.0 -13.0 -338.0 -137.0 -23.0 38.0 -14.0 6.0 -15.0 11.0 62.0 -1.0 -1.0 -64.0 -2.0 5.0 -8.0 
-330.0 39.0 44.0 -55.0 -13.0 -338.0 -137.0 -23.0 38.0 -14.0 -32.0 -21.0 11.0 62.0 -1.0 -1.0 -64.0 -2.0 5.0 -8.0 
-330.0 39.0 -142.0 -39.0 -13.0 -338.0 -22.0 -21.0 38.0 -14.0 -32.0 -21.0 11.0 62.0 -1.0 -1.0 -64.0 -2.0 5.0 -8.0 
-330.0 39.0 -7.0 -80.0 -13.0 -338.0 -246.0 36.0 38.0 -14.0 -32.0 -21.0 11.0 62.0 -1.0 -1.0 -64.0 -2.0 5.0 -8.0 
-330.0 39.0 -134.0 -70.0 -13.0 -338.0 -35.0 -33.0 38.0 -14.0 -32.0 -21.0 11.0 62.0 -1.0 -1.0 -64.0 -2.0 5.0 -8.0 
-334.0 2.0 5.0 -19.0 -13.0 -338.0 -35.0 -33.0 38.0 -14.0 -32.0 -21.0 -82.0 58.0 -1.0 -62.0 4.0 4.0 33.0 -6.0 
-334.0 2.0 5.0 -19.0 -13.0 -338.0 -35.0 -33.0 38.0 -14.0 -32.0 -21.0 16.0 46.0 -1.0 -62.0 -99.0 13.0 33.0 -6.0 
-334.0 2.0 20.0 -63.0 -13.0 -338.0 -63.0 -52.0 38.0 -14.0 -32.0 -21.0 16.0 46.0 -1.0 -62.0 -99.0 13.0 33.0 -6.0 
-334.0 2.0 -85.0 -90.0 -13.0 -338.0 -95.0 -2.0 38.0 -14.0 3.0 -57.0 -82.0 55.0 -1.0 -62.0 -72.0 -42.0 -8.0 33.0 
-334.0 2.0 -85.0 -90.0 -13.0 -338.0 -95.0 -2.0 38.0 -14.0 3.0 -57.0 14.0 64.0 -1.0 -62.0 3.0 -14.0 18.0 0.0 
-334.0 2.0 -20.0 19.0 -13.0 -338.0 -158.0 -78.0 38.0 -14.0 -21.0 36.0 -71.0 67.0 -1.0 -62.0 -56.0 2.0 8.0 7.0 
-334.0 2.0 -35.0 -63.0 -113.0 -375.0 -132.0 5.0 37.0 88.0 -19.0 6.0 -78.0 165.0 82.0 -179.0 3.0 -23.0 12.0 36.0 
-334.0 2.0 -35.0 -63.0 -113.0 -375.0 -132.0 5.0 37.0 88.0 -4.0 -27.0 -78.0 165.0 -42.0 -174.0 3.0 -23.0 12.0 36.0 
-334.0 2.0 -35.0 -63.0 -113.0 -375.0 -132.0 5.0 37.0 88.0 -4.0 -27.0 -78.0 165.0 26.0 -174.0 3.0 -23.0 12.0 36.0 
-440.0 34.0 -53.0 59.0 -113.0 -375.0 53.0 -71.0 37.0 88.0 -4.0 -27.0 -78.0 165.0 26.0 -174.0 3.0 -23.0 12.0 36.0 
-542.0 31.0 21.0 -43.0 -37.0 -314.0 28.0 -41.0 35.0 9.0 -2.0 -13.0 -29.0 213.0 26.0 -174.0 50.0 8.0 1.0 31.0 
-540.0 572.0 -127.0 97.0 5.0 -504.0 166.0 -45.0 66.0 12.0 -2.0 -13.0 -29.0 213.0 26.0 -174.0 50.0 8.0 1.0 31.0 
-463.0 565.0 -127.0 97.0 5.0 -504.0 166.0 -45.0 66.0 12.0 -2.0 -13.0 -29.0 213.0 26.0 -174.0 50.0 8.0 1.0 31.0 
-463.0 565.0 -127.0 97.0 5.0 -504.0 166.0 -45.0 66.0 12.0 -2.0 -13.0 -29.0 213.0 21.0 -171.0 -43.0 -73.0 1.0 31.0 
-395.0 555.0 -127.0 97.0 5.0 -504.0 166.0 -45.0 66.0 12.0 -2.0 -13.0 8.0 -3.0 -20.0 -19.0 -17.0 -27.0 11.0 -1.0 
-395.0 555.0 -30.0 55.0 26.0 -441.0 264.0 -58.0 315.0 -95.0 -25.0 -20.0 8.0 -3.0 -20.0 -19.0 -17.0 -27.0 11.0 -1.0 
-356.0 413.0 -30.0 55.0 26.0 -441.0 315.0 -12.0 651.0 29.0 -25.0 -20.0 8.0 -3.0 -20.0 -19.0 -17.0 -27.0 11.0 -1.0 
-339.0 357.0 -30.0 55.0 26.0 -441.0 384.0 52.0 702.0 17.0 -12.0 -15.0 -9.0 6.0 -18.0 -5.0 -17.0 -27.0 11.0 -1.0 
-360.0 376.0 -30.0 55.0 26.0 -441.0 384.0 52.0 702.0 17.0 -12.0 -15.0 -9.0 6.0 -18.0 -5.0 -17.0 -27.0 11.0 -1.0 
-340.0 378.0 -168.0 9.0 26.0 -441.0 384.0 52.0 702.0 17.0 -12.0 -15.0 -9.0 6.0 -18.0 -5.0 -17.0 -27.0 11.0 -1.0 
-340.0 378.0 -148.0 20.0 60.0 -394.0 384.0 52.0 699.0 -33.0 -26.0 -13.0 -18.0 1.0 -18.0 -5.0 -17.0 -27.0 11.0 -1.0 
-340.0 378.0 -148.0 20.0 30.0 -462.0 384.0 52.0 699.0 -33.0 -26.0 -13.0 -18.0 1.0 -18.0 -5.0 -17.0 -27.0 11.0 -1.0 
-340.0 378.0 -148.0 20.0 53.0 -391.0 384.0 52.0 699.0 -33.0 -26.0 -13.0 -18.0 1.0 -18.0 -5.0 -17.0 -27.0 11.0 -1.0 
-340.0 378.0 -148.0 20.0 53.0 -391.0 384.0 52.0 699.0 -33.0 15.0 -19.0 -18.0 1.0 -18.0 -5.0 -17.0 -27.0 11.0 -1.0 
